SHAKELIST_SET (1, 2, 0, 0, 4, 13, 0, 4, 65523, 0, 4, 0, 13, 4, 0, 65523, 4, 6, 0, 4, 65530, 0, 4, 0, 6, 4, 0, 65530, 1, 0, 0)
SHAKELIST_SET (2, 2, 0, 0, 4, 0, 26, 4, 0, 65510, 4, 0, 19, 4, 0, 65517, 4, 0, 13, 4, 0, 65523, 1, 0, 0)
SHAKELIST_SET (3, 2, 0, 0, 1, 6, 0, 1, 6, 6, 1, 0, 6, 1, 65530, 6, 1, 65530, 0, 1, 65530, 65530, 1, 0, 0)
SHAKELIST_SET (4, 2, 0, 0, 2, 13, 0, 2, 65523, 0, 2, 0, 13, 2, 0, 65523, 2, 6, 0, 2, 65530, 0, 2, 0, 6, 2, 0, 65530, 1, 0, 0)
SHAKELIST_SET (5, 2, 0, 0, 4, 0, 26, 4, 0, 65510, 4, 0, 19, 4, 0, 65517, 4, 0, 13, 4, 0, 65523, 4, 0, 26, 4, 0, 65510, 4, 0, 19, 4, 0, 65517, 4, 0, 13, 4, 0, 65523, 1, 0, 0)
SHAKELIST_SET (6, 2, 0, 0, 2, 0, 99, 2, 0, 65490, 2, 0, 46, 2, 0, 65437, 2, 0, 46, 2, 0, 65490, 2, 0, 46, 2, 0, 19, 1, 0, 0)
SHAKELIST_SET (7, 2, 0, 0, 1, 0, 1, 1, 0, 5, 1, 0, 6, 1, 0, 5, 1, 0, 1, 1, 0, 0)
SHAKELIST_SET (8, 2, 0, 0, 4, 0, 26, 4, 0, 65510, 4, 0, 19, 4, 0, 65517, 4, 0, 13, 4, 0, 65523, 4, 0, 6, 4, 0, 65530, 1, 0, 0)
SHAKELIST_SET (9, 2, 0, 0, 2, 0, 13, 2, 0, 65523, 2, 0, 7, 2, 0, 65529, 2, 0, 13, 2, 0, 65523, 2, 0, 7, 2, 0, 65529, 2, 0, 13, 2, 0, 65523, 2, 0, 7, 2, 0, 65529, 1, 0, 0)
SHAKELIST_SET (10, 2, 0, 0, 2, 13, 0, 2, 65523, 0, 2, 8, 0, 2, 65528, 0, 2, 4, 0, 2, 65532, 0, 2, 13, 0, 2, 65523, 0, 2, 8, 0, 2, 65528, 0, 2, 4, 0, 2, 65532, 0, 1, 0, 0)
SHAKELIST_SET (11, 2, 0, 0, 2, 0, 6, 2, 0, 65533, 2, 0, 3, 2, 0, 65530, 2, 0, 3, 2, 0, 65533, 1, 0, 0)
SHAKELIST_SET (12, 2, 0, 0, 2, 0, 6, 2, 0, 65530, 2, 0, 3, 2, 0, 65533, 2, 0, 6, 2, 0, 65530, 2, 0, 3, 2, 0, 65533, 2, 0, 6, 2, 0, 65530, 2, 0, 3, 2, 0, 65533, 1, 0, 0)
SHAKELIST_SET (15, 2, 0, 0, 3, 0, 6, 3, 0, 65530, 3, 0, 3, 3, 0, 65533, 3, 0, 6, 3, 0, 65530, 3, 0, 3, 3, 0, 65533, 3, 0, 6, 3, 0, 65530, 3, 0, 3, 3, 0, 65533, 3, 0, 6, 3, 0, 65530, 3, 0, 3, 3, 0, 65533, 3, 0, 6, 3, 0, 65530, 3, 0, 3, 3, 0, 65533, 1, 0, 0)
SHAKELIST_SET (17, 2, 0, 0, 1, 0, 2, 1, 0, 10, 1, 0, 13, 1, 0, 10, 1, 0, 2, 1, 0, 0)
SHAKELIST_SET (18, 2, 0, 0, 1, 0, 2, 1, 0, 10, 1, 0, 13, 1, 0, 10, 1, 0, 2, 4, 0, 0, 1, 0, 2, 1, 0, 10, 1, 0, 13, 1, 0, 10, 1, 0, 2, 1, 0, 0)
SHAKELIST_SET (19, 2, 0, 0, 4, 0, 13, 4, 0, 65523, 4, 0, 10, 4, 0, 65526, 4, 0, 6, 4, 0, 65530, 4, 0, 2, 4, 0, 65534, 1, 0, 0)
SHAKELIST_SET (20, 2, 0, 0, 1, 0, 13, 1, 0, 26, 1, 0, 13, 1, 0, 0)
